00111100000000010001000000000001
00110100001001000000000001101100
00100100000000100000000000000100
00000000000000000000000000001100
00100100000000100000000000000101
00000000000000000000000000001100
00111100000000010001000000000001
10101100001000100000000000000000
00111100000000010001000000000001
00110100001001000000000010010001
00100100000000100000000000000100
00000000000000000000000000001100
00100100000000100000000000000101
00000000000000000000000000001100
00111100000000010001000000000001
10101100001000100000000000000100
00100100000100000000000000000000
00111100000000010001000000000001
10001100001100010000000000000000
00111100000000010001000000000001
00110100001001000000000010101001
00100100000000100000000000000100
00000000000000000000000000001100
00000010000100010000100000101010
00010000001000000000000000001000
00100100000000100000000000000101
00000000000000000000000000001100
00000000000100000101000010000000
00111100000000010001000000000001
00000000001010100000100000100001
10101100001000100000000000001000
00100010000100000000000000000001
00001000000100000000000000010111
00111100000000010001000000000001
00110100001001000000000000001000
00000000000000000010100000100001
00100000000000010000000000000001
00000010001000010011000000100010
00111100000000010001000000000001
10001100001011010000000000000100
00000000000011010011100000100001
00001100000100000000000010001001
00000000000000100100000010000000
00111100000000010001000000000001
00110100001001000000000011000101
00100100000000100000000000000100
00000000000000000000000000001100
00111100000000010001000000000001
00000000001010000000100000100001
10001100001001000000000000001000
00100100000000100000000000000001
00000000000000000000000000001100
00100100000000100000000000001010
00000000000000000000000000001100
00100000000000010000000000000100
00000011101000011110100000100010
10101111101111110000000000000000
00100100000000100000000000011110
00000000000000000000000000001100
00000000000001000000111111000011
00000000001001000010000000100110
00000000100000010010000000100011
00000000000001000010001111000000
00000000000001000010001111000010
00000000000001000010001100000000
00111100000000010000000011011010
00110100001000011111111011111111
00000000100000010000000000011010
00000000000000000010000000010000
00000000000001000001000000100001
10001111101111110000000000000000
00100011101111010000000000000100
00000011111000000000000000001000
00100000000000010000000000000100
00000011101000011110100000100010
10101111101111110000000000000000
10001100100011110000000000000000
10001100101110000000000000000000
10101100101011110000000000000000
10101100100110000000000000000000
10001111101111110000000000000000
00100011101111010000000000000100
00000011111000000000000000001000
00100000000000010000000000000100
00000011101000011110100000100010
10101111101111110000000000000000
00000000000001000100000000100001
00000000000001011011100000100001
00100000101010010000000000000001
00100000110010100000000000000000
00000001010010010000100000101010
00010100001000000000000000100010
00000001010010010000100000101010
00010100001000000000000000001010
00000000000010010101100010000000
00000001011010000110100000100000
10001101101010110000000000000000
00000000000101110110000010000000
00000001100010000111000000100000
10001101110011000000000000000000
00000001100010110000100000101010
00010100001000000000000000000010
00100001001010010000000000000001
00001000000100000000000001011100
00000001010010010000100000101010
00010100001000000000000000001011
00000000000010100101100010000000
00000001011010000111100000100000
10001101111010110000000000000000
00000000000101110110000010000000
00000001100010000111000000100000
10001101110011000000000000000000
00000001100010110000100000101010
00010000001000000000000000000011
00100000000000010000000000000001
00000001010000010101000000100010
00001000000100000000000001101000
00000001001010100000100000101010
00010000001000000000000000000110
00000000000011010010000000100001
00000000000011110010100000100001
00001100000100000000000001001001
00100001001010010000000000000001
00100000000000010000000000000001
00000001010000010101000000100010
00001000000100000000000001011010
00100000000000010000000000000001
00000001001000010110000000100010
00000000000011000101100010000000
00000001011010000010000000100000
00000000000101110101100010000000
00000001011010000010100000100000
00001100000100000000000001001001
00000000000010100001000000100001
10001111101111110000000000000000
00100011101111010000000000000100
00000011111000000000000000001000
00100000000000010000000000000100
00000011101000011110100000100010
10101111101111110000000000000000
00000000000001001001000000100001
00000000000001011001100000100001
00000000000001101010000000100001
00000000000001111010100000100001
00000010011101000000100000101010
00010000001000000000000000101011
00001100000100000000000000110110
00000010100100111100100000100010
00100011001110010000000000000001
00010111001000000000000000000001
00000000000000000000000000001101
00000000010110010000000000011010
00000000000000001100100000010000
00000011001100111100100000100000
00000000000110011100100010000000
00000011001100100010000000100000
00000000000100111100100010000000
00000010010110010010100000100000
00001100000100000000000001001001
00000000000100100010000000100001
00000000000100110010100000100001
00000000000101000011000000100001
00001100000100000000000001010011
00000000000000100100100000100001
00000010100010010100100000100010
00100001001010010000000000000001
00010110101010010000000000000011
10001111101111110000000000000000
00100011101111010000000000000100
00000011111000000000000000001000
00000010101010010000100000101010
00010000001000000000000000001000
00000000000100100010000000100001
00100000010001010000000000000001
00000000000101000011000000100001
00000000000101010011100000100001
00001100000100000000000010001001
10001111101111110000000000000000
00100011101111010000000000000100
00000011111000000000000000001000
00000000000100100010000000100001
00000000000100110010100000100001
00100000000000010000000000000001
00000000010000010011000000100010
00000010101010010011100000100010
00001100000100000000000010001001
10001111101111110000000000000000
00100011101111010000000000000100
00000011111000000000000000001000
00000000000100110001000000100001
10001111101111110000000000000000
00100011101111010000000000000100
00000011111000000000000000001000
