00001100000100000000000000100100
00100100000000100000000000000100
00111100000000010001000000000001
00110100001001000000000001100000
00000000000000000000000000001100
00111100000000010001000000000001
10001100001001000000000000000100
00001100000100000000000001111001
00010000011000000000000000010011
00000000000000100010000000100001
00111100000000010001000000000001
10001100001001010000000000000100
00001100000100000000000010001010
00100100000000100000000000000100
00111100000000010001000000000001
00110100001001000000000010100001
00000000000000000000000000001100
00000000000000110010000000100001
00100100000000100000000000000001
00000000000000000000000000001100
00100100000000100000000000000100
00111100000000010001000000000001
00110100001001000000000011000000
00000000000000000000000000001100
00111100000000010001000000000001
00110100001001000000000000000100
00001100000100000000000001101001
00001000000100000000000010010111
00100100000000100000000000000100
00111100000000010001000000000001
00110100001001000000000001111001
00000000000000000000000000001100
00111100000000010001000000000001
00110100001001000000000000000100
00001100000100000000000001101001
00001000000100000000000010010111
00100100000000100000000000000100
00111100000000010001000000000001
00110100001001000000000000001000
00000000000000000000000000001100
00100100000000100000000000000101
00000000000000000000000000001100
00111100000000010001000000000001
10101100001000100000000000000000
00111100000000010001000000000001
10001100001000100000000000000000
00100100010000100000000000000001
00000000000000100001000010000000
00000000000000100010000000100001
00100100000000100000000000001001
00000000000000000000000000001100
00111100000000010001000000000001
10101100001000100000000000000100
00100000000010010000000000000000
00111100000000010001000000000001
10001100001010100000000000000000
00111100000000010001000000000001
10001100001010110000000000000100
10101101011010010000000000000000
00100101001010010000000000000001
00100101011010110000000000000100
10101101011000000000000000000000
00100101011010110000000000000100
00111100000000010000000000000000
00110100001000010000000000000001
00000001010000010101000000100011
00010101010000001111111111110111
00100100000000100000000000000100
00111100000000010001000000000001
00110100001001000000000000101100
00000000000000000000000000001100
00111100000000010001000000000001
10001100001010010000000000000000
00111100000000010001000000000001
10001100001010000000000000000100
00010001001000000000000000011100
00100100000000100000000000000100
00111100000000010001000000000001
00110100001001000000000001010010
00000000000000000000000000001100
00100100000000100000000000000101
00000000000000000000000000001100
00000000000000100101000000100001
00100100000000100000000000000100
00111100000000010001000000000001
00110100001001000000000001000110
00000000000000000000000000001100
00100100000000100000000000000101
00000000000000000000000000001100
00000000000000100101100000100001
00100100000000100000000000000100
00111100000000010001000000000001
00110100001001000000000011110111
00000000000000000000000000001100
00000000000010100101000011000000
00100101010010100000000000000100
00000001010010000101000000100000
00000000000010110101100011000000
00000001011010000101100000100000
10101101010010110000000000000000
00111100000000010000000000000000
00110100001000010000000000000001
00000001001000010100100000100011
00001000000100000000000001001011
00000011111000000000000000001000
00000000000111110010100000100001
10001100100010000000000000000000
00010001000000000000000000000101
10001101000001000000000000000000
00001100000100000000000001110010
10001101000010010000000000000100
00000000000010010100000000100001
00001000000100000000000001101011
00000000101000000000000000001000
00100100000000100000000000000001
00000000000000000000000000001100
00100100000000100000000000000100
00111100000000010001000000000001
00110100001001000000000011110111
00000000000000000000000000001100
00000011111000000000000000001000
00000000000001000100000000100001
00000000000001000100100000100001
00000000000001000101000000100001
00010001000000000000000000000111
10001101000010000000000000000100
00010001000000000000000000000101
00000000000010010101000000100001
10001101001010010000000000000100
10001101000010000000000000000100
00010001000010010000000000000001
00001000000100000000000001111100
00000000000010100011100000100001
00000000000010010001000000100001
00000001000010010001100000100011
00110100000000010000000000000001
00000000011000010001100000101011
00000011111000000000000000001000
00000000000001000100000000100001
00000000000001010100100000100001
00000000000001110101100000100001
10001100111010100000000000000000
00010001000010010000000000000101
00000000000010000101100000100001
10001101000010100000000000000000
10001101000010000000000000000100
10001101001010010000000000000100
00001000000100000000000010001110
10101101011000000000000000000100
00000000000010100001100000100001
00000011111000000000000000001000
00100100000000100000000000001010
00000000000000000000000000001100
