00001000000100000000000000000001
00111100000000010001000000000001
00110100001001000000000000000100
00001100000100000000000010110011
00001100000100000000000010101100
00000000000000100010000000100001
00000000000000101000000000100001
00001100000100000000000010001001
00100011100111001111111111111100
10101111100100000000000000000000
00111100000000010001000000000001
00110100001001000000000000011001
00001100000100000000000010110011
00100000000001000000000000000000
10001111100001010000000000000000
00100000101001011111111111111111
00001100000100000000000001011001
00111100000000010001000000000001
00110100001001000000000000101010
00001100000100000000000010110011
00001100000100000000000010010110
00001000000100000000000010000111
00110100000000010000000000000100
00000011100000011000000000100000
00000000100000001000100000100000
00100000101100100000000000000000
00100000110100110000000000000000
00000000110001000100000000100010
00100001000010000000000000000001
00100000000000011111111111111100
01110001000000010100000000000010
00000011100010001110000000100000
00000011100000001011000000100000
00100010001101000000000000000000
00100010010101010000000000000001
00100000000000010000000000000100
01110010100000010100000000000010
00000010000010000100000000100000
10001101000010000000000000000000
00100000000000010000000000000100
01110010101000010100100000000010
00000010000010010100100000100000
10001101001010010000000000000000
00000001001010000101000000101010
00100000000000010000000000000001
00010000001010100000000000000100
10101110110010000000000000000000
00100010110101100000000000000100
00100010100101000000000000000001
00001000000100000000000000110101
10101110110010010000000000000000
00100010110101100000000000000100
00100010101101010000000000000001
00000010010101000100000000101010
00000010011101010100100000101010
00000001000010010100000000100000
00010001000000001111111111101010
00100010010010000000000000000001
00000010100010000100000000101010
00010001000000000000000000001000
00100000000000010000000000000100
01110010100000010100000000000010
00000010000010000100000000100000
10001101000010000000000000000000
10101110110010000000000000000000
00100010110101100000000000000100
00100010100101000000000000000001
00001000000100000000000000111001
00000010011101010100000000101010
00010101000000000000000000001000
00100000000000010000000000000100
01110010101000010100100000000010
00000010000010010100100000100000
10001101001010010000000000000000
10101110110010010000000000000000
00100010110101100000000000000100
00100010101101010000000000000001
00001000000100000000000001000100
00100010001101000000000000000000
10001111100010000000000000000000
00100000000000010000000000000100
01110010100000010100100000000010
00000001001100000100100000100000
10101101001010000000000000000000
00100010100101000000000000000001
00100011100111000000000000000100
00000010011101000100000000101010
00010001000000001111111111110111
00000011111000000000000000001000
00100011101111011111111111111100
10101111101111110000000000000000
00100000100100000000000000000000
00100000101100010000000000000000
00111100000000010001000000000001
00110100001001000000000000111111
00001100000100000000000010110011
00100010001001000000000000000000
00001100000100000000000010101111
00111100000000010001000000000001
00110100001001000000000000000000
00001100000100000000000010110011
00100010000001000000000000000000
00001100000100000000000010101111
00111100000000010001000000000001
00110100001001000000000000000010
00001100000100000000000010110011
00000010000100010100100000101010
00100000000000010000000000000001
00010000001010010000000000000011
10001111101111110000000000000000
00100011101111010000000000000100
00000011111000000000000000001000
00000010000100010101000000100000
00100000000000010000000000000010
00000001010000010000000000011010
00000000000000000101000000010010
00100011101111011111111111110100
10101111101100000000000000000000
10101111101100010000000000000100
10101111101010100000000000001000
00100010000001000000000000000000
00100001010001010000000000000000
00001100000100000000000001011001
10001111101001000000000000001000
00100000100001000000000000000001
10001111101001010000000000000100
00001100000100000000000001011001
10001111101001000000000000000000
10001111101001010000000000001000
10001111101001100000000000000100
00001100000100000000000000010110
00100011101111010000000000001100
10001111101111110000000000000000
00100011101111010000000000000100
00000011111000000000000000001000
00100100000000100000000000001010
00000000000000000000000000001100
00100011101111011111111111111100
10101111101111110000000000000000
00101000100010000000000000000001
00100000000000010000000000000001
00010000001010000000000000000101
00001100000100000000000010101100
00100011100111001111111111111100
10101111100000100000000000000000
00100000100001001111111111111111
00001100000100000000000010001001
10001111101111110000000000000000
00100011101111010000000000000100
00000011111000000000000000001000
00100011101111011111111111111100
10101111101111110000000000000000
10001111100010010000000000000000
00101001001010000000000000000001
00100000000000010000000000000001
00010000001010000000000000001010
00100000000000010000000000000100
01110001001000010101000000000010
00000011100010100101000000100000
10001101010001000000000000000000
00001100000100000000000010101111
00111100000000010001000000000001
00110100001001000000000000000000
00001100000100000000000010110011
00100001001010011111111111111111
00001000000100000000000010011001
00111100000000010001000000000001
00110100001001000000000000000010
00001100000100000000000010110011
10001111101111110000000000000000
00100011101111010000000000000100
00000011111000000000000000001000
00100100000000100000000000000101
00000000000000000000000000001100
00000011111000000000000000001000
00100100000000100000000000000001
00000000000000000000000000001100
00100100000000100000000000000100
00000011111000000000000000001000
00100100000000100000000000000100
00000000000000000000000000001100
00000011111000000000000000001000
